10000059|12|12|0|0|12
10000060|8|8|0|0|8
10000081|54|47|6|1|49
10000084|3|3|0|0|3
10000087|18|18|0|0|18
10000097|2|2|0|0|2
10000125|5|4|1|0|4
10000210|1|0|1|0|1
10000269|3|3|0|0|3
10000389|3|3|0|0|3
10000496|7|7|0|0|7
10000513|1|1|0|0|1
10000614|2|2|0|0|2
10000636|1|1|0|0|1
10000637|1|0|1|0|1
10000748|1|1|0|0|1
10000804|3|2|1|0|3
10000830|2|0|2|0|2
10000880|1|0|1|0|1
10001017|1|0|1|0|1
10001029|1|1|0|0|1
10001052|10|6|4|0|8
10001053|4|3|1|0|4
10001076|1|1|0|0|1
10001347|1|0|1|0|1
10001367|4|2|2|0|2
10001382|2|1|1|0|1
10001389|1|0|1|0|1
10001488|5|4|1|0|5
10001497|6|5|1|0|6
10001507|8|4|3|1|5
10001540|4|3|1|0|4
10001547|5|4|1|0|5
10001551|46|34|12|0|36
10001582|1|1|0|0|1
10001760|14|14|0|0|14
10001766|1|1|0|0|1
10001808|1|0|1|0|1
10001854|3|1|2|0|3
10001889|1|1|0|0|1
10001890|1|0|1|0|1
10001928|5|2|3|0|4
10001935|1|1|0|0|1
10001949|5|4|1|0|5
10002016|6|5|1|0|6
10002027|1|1|0|0|1
10002034|35|29|6|0|29
10002198|56|23|30|3|36
10002199|8|7|1|0|7
10002216|6|3|3|0|5
10002368|1|1|0|0|1
10002383|9|8|1|0|9
10002388|1|1|0|0|1
10002424|44|26|17|1|31
10002500|4|2|2|0|2
10002652|2|2|0|0|2
10002807|1|1|0|0|1
10002855|22|20|2|0|21
10002942|1|1|0|0|1
10002948|3|2|1|0|3
10002958|4|4|0|0|4
10002967|2|0|2|0|2
10002974|3|1|1|1|1
10003011|1|1|0|0|1
10003033|2|2|0|0|2
10003036|3|3|0|0|3
10003041|3|2|1|0|3
10003046|3|3|0|0|3
10003050|1|1|0|0|1
10003051|3|3|0|0|3
10003053|2|2|0|0|2
10003055|2|2|0|0|2
10003059|2|1|1|0|2
10003060|1|1|0|0|1
10003119|13|7|6|0|11
10003130|1|1|0|0|1
10003178|7|3|4|0|5
10003192|1|1|0|0|1
10003239|39|35|4|0|35
10003246|2|1|1|0|2
10003285|3|2|1|0|3
10003445|1|0|1|0|1
10003477|3|2|1|0|3
10003481|35|27|8|0|28
10003504|5|1|4|0|5
10003549|41|32|7|2|34
10003550|2|2|0|0|2
10003553|4|3|1|0|4
10003591|4|3|1|0|3
10003658|12|11|1|0|11
10003662|4|3|1|0|4
10003671|4|3|1|0|3
10003673|1|0|1|0|1
10003674|2|1|1|0|2
10003677|1|0|1|0|1
10003757|2|2|0|0|2
10003840|3|0|3|0|3
10003885|1|0|1|0|1
10003988|32|31|1|0|31
10003997|2|0|2|0|2
10004056|1|1|0|0|1
10004074|3|3|0|0|3
10004078|4|4|0|0|4
10004146|3|2|1|0|3
10004161|3|0|3|0|3
10004685|1|1|0|0|1
10004939|2|1|1|0|2
10005003|2|1|1|0|1
10005098|4|0|2|2|2
10005148|3|2|1|0|3
10005159|2|2|0|0|2
10005169|8|3|4|1|4
10005184|1|1|0|0|1
10005191|3|1|2|0|3
10005287|1|1|0|0|1
10005359|4|4|0|0|4
10005364|24|17|7|0|21
10005370|1|1|0|0|1
10005372|1|1|0|0|1
10005395|2|2|0|0|2
10005423|2|2|0|0|2
10005425|5|4|1|0|5
10005464|1|1|0|0|1
10005470|9|7|2|0|8
10005481|2|2|0|0|2
10005483|25|18|7|0|18
10005520|1|0|1|0|1
10005521|1|0|1|0|1
10005534|1|1|0|0|1
10005554|1|1|0|0|1
10005555|3|3|0|0|3
10005557|10|7|3|0|9
10005562|2|0|2|0|2
10005614|1|1|0|0|1
10005620|1|1|0|0|1
10005630|2|2|0|0|2
10005649|1|1|0|0|1
10005652|1|1|0|0|1
10005655|1|1|0|0|1
10005688|1|0|1|0|1
10005703|2|1|1|0|1
10005724|6|4|2|0|6
10005725|3|3|0|0|3
10005728|2|0|2|0|2
10005734|2|1|1|0|2
10005739|5|1|4|0|5
10005750|15|9|6|0|12
10005758|1|1|0|0|1
10005760|4|0|4|0|4
10005778|1|0|1|0|1
10005779|1|1|0|0|1
10005780|4|2|2|0|3
10005802|4|2|2|0|4
10005803|1|1|0|0|1
10005814|1|0|1|0|1
10005815|1|0|1|0|1
10005833|3|2|1|0|3
10005837|1|1|0|0|1
10005839|8|6|2|0|8
10005851|2|1|1|0|2
10005861|1|1|0|0|1
10005867|2|1|1|0|1
10005911|1|0|1|0|1
10005954|1|0|1|0|1
10005956|1|1|0|0|1
10006002|8|6|2|0|6
10006093|13|6|6|1|9
10006100|2|2|0|0|2
10006145|1|1|0|0|1
10006187|3|1|2|0|3
10006242|4|1|3|0|4
10006279|1|0|1|0|1
10006298|3|3|0|0|3
10006313|1|1|0|0|1
10006417|1|0|1|0|1
10006451|22|20|2|0|20
10006469|2|2|0|0|2
10006482|12|7|3|2|9
10006486|5|2|3|0|3
10006514|2|2|0|0|2
10006550|1|1|0|0|1
10006578|2|2|0|0|2
10006784|6|5|1|0|6
10007196|4|2|2|0|2
10007269|2|0|1|1|1
10007515|10|7|3|0|8
10007554|18|9|7|2|12
10007556|1|1|0|0|1
10007559|8|4|4|0|6
10007586|1|1|0|0|1
10007610|1|1|0|0|1
10007617|2|2|0|0|2
10007636|2|1|1|0|1
10007649|5|2|2|1|3
10007739|8|5|3|0|7
10007764|2|1|1|0|1
10007776|2|1|1|0|1
10007821|1|1|0|0|1
10007882|6|5|1|0|6
10007948|1|0|1|0|1
10008072|1|1|0|0|1
10008111|7|5|2|0|7
10008132|1|1|0|0|1
10008138|1|1|0|0|1
10008190|13|3|8|2|9
10008196|2|0|2|0|2
10008219|1|0|1|0|1
10008263|1|0|1|0|1
10008323|1|1|0|0|1
10008342|1|0|1|0|1
10008417|1|1|0|0|1
10008469|10|5|4|1|8
10008479|13|11|2|0|12
10008531|21|18|3|0|18
10008570|2|1|1|0|1
10008589|1|1|0|0|1
10008612|3|3|0|0|3
10008614|1|1|0|0|1
10008629|3|3|0|0|3
10008635|1|0|1|0|1
10008795|1|1|0|0|1
10008796|2|2|0|0|2
10008943|2|0|2|0|2
10009033|1|1|0|0|1
10009192|2|1|1|0|2
10009244|1|1|0|0|1
10009346|1|1|0|0|1
10009657|6|3|3|0|3
10009696|1|0|1|0|1
10009736|1|0|1|0|1
10009748|1|0|1|0|1
10009770|1|0|1|0|1
10009776|1|0|1|0|1
10009784|1|0|1|0|1
10009802|1|1|0|0|1
10009825|4|0|2|2|2
10009866|1|1|0|0|1
10009887|9|4|4|1|7
10010071|5|2|3|0|5
10010121|2|2|0|0|2
10010144|10|2|8|0|9
10010185|1|1|0|0|1
10010264|1|0|1|0|1
10010276|1|0|1|0|1
10010305|15|8|7|0|12
10010356|4|0|4|0|4
10010712|1|0|1|0|1
10010719|2|2|0|0|2
10010726|1|1|0|0|1
10010741|10|9|1|0|10
10010744|1|1|0|0|1
10010774|39|39|0|0|39
10010933|2|1|1|0|1
10010947|4|1|3|0|4
10011010|1|1|0|0|1
10011033|2|2|0|0|2
10011039|1|0|1|0|1
10011040|1|1|0|0|1
10011078|1|0|1|0|1
10011086|1|1|0|0|1
10011224|40|37|2|1|38
10011372|2|1|1|0|1
10011384|2|0|2|0|2
10011469|1|1|0|0|1
10011486|1|0|1|0|1
10011652|1|0|1|0|1
10011655|3|0|3|0|3
10011686|1|1|0|0|1
10011703|6|3|2|1|4
10011732|1|1|0|0|1
10011781|7|7|0|0|7
10011831|7|1|6|0|6
10011859|1|1|0|0|1
10011878|3|2|1|0|3
10011906|101|28|52|21|57
10011912|1|0|1|0|1
10012110|1|1|0|0|1
10012174|24|18|6|0|22
10012218|4|3|1|0|4
10012239|2|2|0|0|2
10012267|2|0|1|1|1
10012305|2|0|2|0|2
10012335|2|1|1|0|1
10012357|1|1|0|0|1
10012373|1|0|1|0|1
10012374|2|1|1|0|2
10012378|20|17|3|0|18
10012431|11|8|2|1|8
10012432|5|4|1|0|4
10012434|12|8|4|0|10
10012441|7|4|3|0|6
10012442|4|2|2|0|3
10012455|3|1|2|0|3
10012601|9|6|3|0|8
10012671|1|1|0|0|1
10012735|73|57|15|1|59
10013012|1|1|0|0|1
10013036|11|6|3|2|7
10013050|1|0|1|0|1
10013082|3|3|0|0|3
10013395|7|4|3|0|6
10013442|1|0|1|0|1
10013453|3|1|0|2|2
10013496|7|5|2|0|6
10013538|1|1|0|0|1
10013573|66|55|11|0|55
10013578|3|3|0|0|3
10013642|1|1|0|0|1
10013663|2|1|1|0|1
10013687|5|4|1|0|4
10013700|4|3|1|0|4
10013709|1|0|1|0|1
10013752|1|1|0|0|1
10013774|4|4|0|0|4
10013781|21|21|0|0|21
10013786|10|10|0|0|10
10013789|2|2|0|0|2
10013836|1|1|0|0|1
10013886|2|2|0|0|2
10013887|9|5|2|2|6
10013908|1|1|0|0|1
10013911|21|21|0|0|21
10013916|5|2|3|0|3
10013935|2|2|0|0|2
10013941|1|1|0|0|1
10013946|31|31|0|0|31
10013950|16|11|3|2|11
10013952|9|5|2|2|6
10013968|57|37|16|4|43
10013969|1|1|0|0|1
10013971|9|8|1|0|8
10013982|1|1|0|0|1
10013983|3|3|0|0|3
10013990|7|6|1|0|6
10014011|4|3|1|0|3
10014080|6|4|2|0|5
10014184|5|4|1|0|4
10014325|1|1|0|0|1
10014326|1|1|0|0|1
10014328|2|2|0|0|2
10014363|2|2|0|0|2
10014380|1|0|1|0|1
10014387|24|11|12|1|16
10014391|2|0|2|0|2
10014394|2|0|2|0|2
10014408|1|1|0|0|1
10014418|1|0|1|0|1
10014456|1|0|1|0|1
10014498|1|0|1|0|1
10014513|1|0|1|0|1
10014522|8|3|5|0|6
10014581|3|1|2|0|3
10014625|4|2|2|0|3
10014665|2|1|1|0|1
10014695|3|1|1|1|1
10014733|2|0|1|1|1
10014737|1|0|1|0|1
10014801|2|1|1|0|1
10014866|2|2|0|0|2
10014893|6|3|2|1|4
10014928|2|2|0|0|2
10014945|1|1|0|0|1
10014950|7|5|2|0|7
10014962|2|1|1|0|1
10015084|2|1|1|0|2
10015090|13|12|1|0|13
10015120|2|1|1|0|1
10015137|1|1|0|0|1
10015145|1|1|0|0|1
10015150|26|17|7|2|21
10015218|6|4|2|0|5
10015226|2|2|0|0|2
10015535|1|1|0|0|1
10015769|4|0|2|2|2
10015832|2|2|0|0|2
10015856|2|1|1|0|1
10015866|2|1|1|0|1
10015911|2|1|1|0|1
10015916|3|2|1|0|3
10015926|3|3|0|0|3
10015929|2|1|1|0|1
10015940|1|0|1|0|1
10015943|3|2|1|0|3
10015946|5|4|1|0|4
10015958|6|4|2|0|5
10015967|2|2|0|0|2
10015993|10|9|1|0|9
10015995|7|2|3|2|3
10016029|12|5|6|1|10
10016059|1|1|0|0|1
10016092|1|1|0|0|1
10016173|9|8|1|0|9
10016219|2|1|1|0|1
10016256|53|48|5|0|50
10016288|14|10|4|0|10
10016322|4|4|0|0|4
10016326|3|3|0|0|3
10016330|1|1|0|0|1
10016334|7|4|3|0|6
10016338|1|1|0|0|1
10016454|2|1|1|0|1
10016642|6|0|3|3|3
10016717|4|2|1|1|2
10016766|11|11|0|0|11
10016803|3|1|1|1|1
10016807|7|4|3|0|5
10016825|20|11|8|1|15
10016852|20|0|19|1|20
10016936|2|2|0|0|2
10016985|1|0|1|0|1
10016987|1|0|1|0|1
10017076|7|5|2|0|5
10017367|3|3|0|0|3
10017533|8|3|5|0|6
10017543|1|1|0|0|1
10017553|1|1|0|0|1
10017577|11|10|1|0|10
10017600|3|1|2|0|2
10017626|4|2|2|0|2
10017693|9|9|0|0|9
10017788|6|4|2|0|5
10017822|1|1|0|0|1
10017853|9|9|0|0|9
10017865|1|1|0|0|1
10017866|1|1|0|0|1
10017877|2|0|2|0|2
10017885|15|15|0|0|15
10017888|5|5|0|0|5
10017918|3|3|0|0|3
10017940|1|1|0|0|1
10017944|14|8|5|1|10
10017955|9|5|3|1|9
10017964|1|1|0|0|1
10017999|1|1|0|0|1
10018001|5|1|3|1|3
10018092|2|2|0|0|2
10018143|2|2|0|0|2
10018160|1|1|0|0|1
10018262|1|1|0|0|1
10018276|2|2|0|0|2
10018282|1|0|1|0|1
10018286|2|2|0|0|2
10018291|1|1|0|0|1
10018304|2|0|2|0|2
10018336|1|0|1|0|1
10018356|1|1|0|0|1
10018358|7|3|4|0|4
10018372|2|1|1|0|1
10018386|1|1|0|0|1
10018388|3|3|0|0|3
10018428|1|0|1|0|1
10018429|3|1|2|0|2
10018444|2|1|1|0|1
10018473|2|2|0|0|2
10018627|1|0|1|0|1
10018735|1|1|0|0|1
10018767|8|2|6|0|8
10018800|7|5|2|0|6
10018829|2|2|0|0|2
10018830|3|3|0|0|3
10018836|4|3|1|0|4
10018838|4|4|0|0|4
10018840|2|2|0|0|2
10018852|7|4|1|2|6
10018867|14|12|2|0|13
10018870|2|2|0|0|2
10018873|1|0|1|0|1
10018879|1|1|0|0|1
10018884|18|16|2|0|16
10018888|2|2|0|0|2
10018906|1|1|0|0|1
10018910|1|1|0|0|1
10018916|3|1|2|0|3
10018932|2|1|1|0|1
10018964|6|4|1|1|5
10018985|4|3|1|0|3
10019009|2|1|1|0|1
10019016|5|4|1|0|5
10019022|4|4|0|0|4
10019030|2|2|0|0|2
10019044|1|1|0|0|1
10019063|4|2|2|0|3
10019070|1|0|1|0|1
10019075|1|0|1|0|1
10019079|1|0|1|0|1
10019211|77|69|8|0|69
10019301|4|1|3|0|4
10019303|6|4|2|0|5
10019304|2|0|2|0|2
10019465|1|1|0|0|1
10019617|1|1|0|0|1
10019629|1|0|1|0|1
10019663|16|7|8|1|10
10019670|4|3|1|0|4
10019707|1|0|1|0|1
10019708|5|3|1|1|3
10019713|1|0|1|0|1
10019717|14|10|3|1|12
10019731|5|0|5|0|5
10019780|1|1|0|0|1
10019795|1|1|0|0|1
10019837|3|1|2|0|3
10019842|7|5|1|1|5
10019851|29|14|14|1|16
10019948|3|1|2|0|3
10019953|1|0|1|0|1
10019973|5|3|2|0|4
10019974|9|7|2|0|8
10020028|1|1|0|0|1
10020061|1|0|1|0|1
10020141|4|0|2|2|2
10020144|1|0|0|1|1
10020206|2|0|2|0|2
10020376|1|1|0|0|1
10020400|2|1|1|0|2
10020524|2|1|1|0|2
10020564|2|1|1|0|1
10020565|1|1|0|0|1
10020568|1|1|0|0|1
10020571|2|1|1|0|1
10020575|1|0|1|0|1
10020578|5|4|1|0|4
10020583|3|3|0|0|3
10020601|2|2|0|0|2
10020603|5|5|0|0|5
10020608|1|1|0|0|1
10020610|2|0|2|0|2
10020635|24|18|6|0|21
10020642|18|14|4|0|16
10020646|8|7|1|0|7
10020649|2|2|0|0|2
10020651|1|1|0|0|1
10020679|2|2|0|0|2
10020697|2|0|2|0|2
10020705|1|1|0|0|1
10020711|1|1|0|0|1
10020718|1|0|1|0|1
10020737|3|1|2|0|2
10020741|4|1|3|0|3
10020745|2|1|1|0|2
10020751|100|54|43|3|63
10020764|2|1|1|0|2
10020765|4|2|2|0|3
10020772|38|28|9|1|29
10020802|4|2|2|0|3
10020823|1|1|0|0|1
10020843|3|1|2|0|3
10020850|2|0|2|0|2
10020852|1|1|0|0|1
10020869|7|6|1|0|6
10020903|4|4|0|0|4
10020937|11|11|0|0|11
10020942|5|4|1|0|5
10020947|8|7|1|0|7
10020955|1|0|1|0|1
10020993|18|12|6|0|12
10021015|22|18|4|0|20
10021021|1|1|0|0|1
10021027|9|8|1|0|8
10021030|2|1|1|0|1
10021036|11|9|2|0|9
10021058|12|11|1|0|11
10021067|2|1|1|0|1
10021093|1|1|0|0|1
10021097|44|21|20|3|32
10021113|1|1|0|0|1
10021114|4|2|2|0|3
10021118|1|1|0|0|1
10021137|7|3|4|0|4
10021143|3|1|1|1|1
10021328|4|2|2|0|4
10021333|1|1|0|0|1
10021499|1|1|0|0|1
10021519|6|2|4|0|5
10021531|1|1|0|0|1
10021567|1|0|1|0|1
10021619|1|0|1|0|1
10021654|7|7|0|0|7
10021789|41|20|17|4|24
10021857|3|0|3|0|3
10021859|2|0|2|0|2
10021866|1|0|0|1|1
10022000|17|15|2|0|16
10022004|5|5|0|0|5
10022013|1|1|0|0|1
10022052|4|4|0|0|4
10022061|7|7|0|0|7
10022062|2|2|0|0|2
10022066|6|6|0|0|6
10022067|7|6|1|0|6
10022071|1|1|0|0|1
10022078|2|2|0|0|2
10022079|7|7|0|0|7
10022085|1|1|0|0|1
10022086|12|12|0|0|12
10022088|1|1|0|0|1
10022090|1|1|0|0|1
10022093|6|6|0|0|6
10022094|2|2|0|0|2
10022095|19|18|1|0|18
10022107|1|1|0|0|1
10022111|1|1|0|0|1
10022112|3|3|0|0|3
10022116|3|1|2|0|3
10022437|33|31|2|0|31
10022595|1|1|0|0|1
10022611|17|9|8|0|11
10022687|3|3|0|0|3
10022694|5|2|2|1|2
10022773|1|1|0|0|1
10022806|5|2|3|0|3
10022840|2|1|1|0|2
10022941|1|1|0|0|1
10022955|3|1|2|0|3
10022972|1|1|0|0|1
10022998|7|6|1|0|7
10023003|1|1|0|0|1
10023126|4|3|1|0|4
10023163|6|1|4|1|4
10023230|1|1|0|0|1
10023232|2|2|0|0|2
10023236|1|0|1|0|1
10023332|2|1|1|0|1
10023347|2|1|1|0|1
10023379|5|1|4|0|5
10023424|1|1|0|0|1
10023533|1|0|1|0|1
10023572|3|2|1|0|2
10023644|6|5|1|0|6
10023676|3|1|1|1|1
10023799|1|1|0|0|1
10023845|4|2|2|0|4
10023848|5|5|0|0|5
10023874|3|3|0|0|3
10023891|1|1|0|0|1
10024214|2|1|1|0|2
10024264|7|5|2|0|7
10024378|3|3|0|0|3
10024382|2|1|1|0|1
10024384|22|17|5|0|18
10024419|4|4|0|0|4
10024549|1|0|1|0|1
10024558|1|1|0|0|1
10024570|6|3|2|1|4
10024572|2|2|0|0|2
10024574|7|6|1|0|6
10024588|5|2|3|0|5
10024592|1|0|1|0|1
10024604|3|0|3|0|3
10024641|4|0|2|2|2
10024648|1|1|0|0|1
10024670|8|4|4|0|7
10024690|7|3|4|0|7
10024738|1|1|0|0|1
10024769|3|2|1|0|3
10024770|2|2|0|0|2
10024855|2|1|1|0|2
10024901|2|2|0|0|2
10024909|1|0|1|0|1
10024910|8|5|3|0|5
10024968|4|4|0|0|4
10025082|1|0|1|0|1
10025102|3|2|1|0|3
10025140|1|1|0|0|1
10025182|1|1|0|0|1
10025197|5|3|2|0|5
10025256|9|6|3|0|8
10025258|1|1|0|0|1
10025282|1|1|0|0|1
10025310|6|2|2|2|3
10025327|13|11|2|0|12
10025415|3|2|1|0|2
10025482|10|9|1|0|10
10025487|1|1|0|0|1
10025650|3|1|2|0|2
10026749|3|2|1|0|2
10026863|1|1|0|0|1
10026865|1|1|0|0|1
10026923|19|1|17|1|18
10026991|1|0|1|0|1
10027000|1|1|0|0|1
10027011|2|1|1|0|2
10027105|4|0|2|2|2
10027110|1|1|0|0|1
10027141|3|2|1|0|3
10027175|7|4|3|0|6
10027199|2|1|1|0|1
10027209|2|1|1|0|2
10027295|1|1|0|0|1
10027313|4|4|0|0|4
10027327|3|3|0|0|3
10027339|3|3|0|0|3
10027374|1|1|0|0|1
10027417|3|2|1|0|3
10027514|5|4|1|0|4
10027534|1|0|1|0|1
10027566|1|1|0|0|1
10027599|8|7|1|0|7
10027940|1|1|0|0|1
10027951|3|3|0|0|3
10028034|7|6|1|0|6
10028116|6|6|0|0|6
10028124|1|1|0|0|1
10028140|1|0|1|0|1
10028154|4|3|1|0|4
10028245|2|0|2|0|2
10028289|1|1|0|0|1
10028293|1|1|0|0|1
10028300|1|1|0|0|1
10028309|2|2|0|0|2
10028330|5|1|4|0|4
10028334|22|22|0|0|22
10028347|3|3|0|0|3
10028372|16|10|4|2|11
10028391|14|14|0|0|14
10028411|22|18|4|0|19
10028417|1|0|1|0|1
10028521|1|1|0|0|1
10028533|3|1|2|0|2
10028561|1|0|1|0|1
10028596|18|10|7|1|13
10028600|7|5|2|0|5
10028606|3|0|3|0|3
10028622|2|1|1|0|2
10028629|2|0|2|0|2
10028641|2|2|0|0|2
10028653|5|2|3|0|5
10028692|1|0|1|0|1
10028694|1|1|0|0|1
10028735|7|6|1|0|7
10028740|2|2|0|0|2
10028810|35|34|1|0|34
10028813|91|76|14|1|77
10028836|4|4|0|0|4
10028934|1|0|1|0|1
10028980|2|0|2|0|2
10028997|25|9|13|3|15
10029117|4|1|3|0|3
10029147|1|1|0|0|1
10029148|5|5|0|0|5
10029155|2|1|1|0|1
10029164|5|2|2|1|3
10029202|5|2|3|0|5
10029216|6|5|1|0|5
10029223|2|2|0|0|2
10029266|1|0|1|0|1
10029282|4|1|3|0|3
10029323|1|0|1|0|1
10029331|14|10|3|1|11
10029350|4|1|2|1|2
10029354|39|24|13|2|27
10029366|13|11|2|0|11
10029368|1|1|0|0|1
10029410|5|5|0|0|5
10029412|1|1|0|0|1
10029446|2|2|0|0|2
10029470|2|1|1|0|2
10029547|3|0|3|0|3
10029864|5|4|1|0|4
10029898|3|3|0|0|3
10029984|1|0|1|0|1
10030041|3|2|1|0|3
10030071|1|1|0|0|1
10030095|11|8|3|0|9
10030110|1|0|1|0|1
10030124|29|27|2|0|29
10030201|1|1|0|0|1
10030216|2|2|0|0|2
10030229|1|0|1|0|1
10030289|1|0|1|0|1
10030295|1|0|1|0|1
10030302|1|0|1|0|1
10030901|20|5|13|2|13
10030910|1|0|1|0|1
10030924|2|1|1|0|1
10030938|2|1|1|0|1
10030942|3|1|2|0|2
10030963|4|3|1|0|3
10030973|1|1|0|0|1
10030996|1|0|1|0|1
10031009|1|1|0|0|1
10031085|1|1|0|0|1
10031118|1|1|0|0|1
10031127|9|7|2|0|7
10031149|1|0|1|0|1
10031161|1|1|0|0|1
10031250|2|1|1|0|1
10031252|1|0|1|0|1
10033078|2|2|0|0|2
10033128|1|0|1|0|1
10033132|1|1|0|0|1
10033136|1|1|0|0|1
10033295|1|1|0|0|1
10033318|3|2|1|0|2
10033371|14|12|2|0|12
10033425|25|23|2|0|24
10033433|2|1|1|0|2
10033546|4|3|1|0|3
10033553|6|4|2|0|5
10033557|13|12|1|0|13
10033645|21|14|7|0|18
10033647|7|5|2|0|5
10033649|1|1|0|0|1
10033650|1|0|1|0|1
10033661|9|5|4|0|7
10033664|4|3|1|0|4
10033712|1|1|0|0|1
10033713|1|1|0|0|1
10033775|24|23|1|0|23
10033799|4|0|2|2|2
10033864|1|1|0|0|1
10034010|2|2|0|0|2
10034016|2|2|0|0|2
10034018|3|3|0|0|3
10034023|1|1|0|0|1
10034305|3|1|1|1|1
10034310|1|1|0|0|1
10034319|1|1|0|0|1
10034336|3|1|1|1|1
10034341|2|2|0|0|2
10034474|4|2|2|0|3
10034476|2|2|0|0|2
10034484|4|3|1|0|3
10034539|1|0|1|0|1
10034544|1|1|0|0|1
10034545|5|2|2|1|3
10034568|2|1|1|0|1
10034580|5|3|2|0|4
10034607|1|1|0|0|1
10034620|7|6|1|0|6
10034719|2|1|1|0|2
10034754|6|4|2|0|5
10034829|11|6|5|0|10
10034835|9|9|0|0|9
10034878|2|2|0|0|2
10034879|3|3|0|0|3
10034902|1|1|0|0|1
10034960|3|2|1|0|3
10034962|2|2|0|0|2
10034972|6|6|0|0|6
10035226|1|1|0|0|1
10035495|1|0|1|0|1
10035500|1|1|0|0|1
10035518|1|0|1|0|1
10035526|1|1|0|0|1
10035528|16|14|2|0|14
10035598|3|2|1|0|2
10035623|1|1|0|0|1
10035664|39|29|9|1|32
10035742|19|9|9|1|11
10035759|2|2|0|0|2
10036018|9|9|0|0|9
10036051|1|1|0|0|1
10036067|1|1|0|0|1
10036069|1|1|0|0|1
10036087|1|1|0|0|1
10036099|1|0|1|0|1
10036102|4|0|4|0|4
10036105|3|3|0|0|3
10036142|4|4|0|0|4
10036206|2|1|1|0|1
10036346|1|1|0|0|1
10036628|1|1|0|0|1
10036653|1|1|0|0|1
10036661|2|0|2|0|2
10036790|1|1|0|0|1
10036807|11|4|6|1|6
10036975|1|1|0|0|1
10036978|2|2|0|0|2
10037005|1|0|1|0|1
10037016|1|0|1|0|1
10037032|12|8|3|1|9
10037051|1|0|1|0|1
10037063|2|2|0|0|2
10037070|1|0|1|0|1
10037076|1|1|0|0|1
10037083|1|1|0|0|1
10037087|56|44|12|0|45
10037093|1|1|0|0|1
10037153|2|1|1|0|2
10037211|2|2|0|0|2
10037213|1|0|1|0|1
10037249|2|1|1|0|2
10037313|2|1|1|0|2
10037377|13|8|5|0|10
10037383|4|3|1|0|3
10037400|3|2|1|0|2
10037407|1|0|1|0|1
10037423|4|2|2|0|3
10037440|3|3|0|0|3
10037508|1|1|0|0|1
10037549|2|1|1|0|2
10037575|1|1|0|0|1
10037596|4|4|0|0|4
10037632|1|1|0|0|1
10037660|44|34|10|0|39
10037833|1|1|0|0|1
10037844|90|68|21|1|74
10037855|6|5|1|0|6
10037858|11|8|2|1|10
10037867|9|8|1|0|9
10037868|9|8|1|0|9
10037876|7|6|1|0|7
10037884|5|3|2|0|5
10037888|4|3|1|0|3
10037898|2|2|0|0|2
10038063|3|3|0|0|3
10038153|2|2|0|0|2
10038182|1|1|0|0|1
10038192|1|0|1|0|1
10038378|1|1|0|0|1
10038419|1|1|0|0|1
10038423|1|1|0|0|1
10038428|1|1|0|0|1
10038435|19|13|6|0|14
10038447|1|0|1|0|1
10038537|2|1|1|0|1
10038540|2|2|0|0|2
10038669|5|3|2|0|4
10038678|1|1|0|0|1
10038683|3|2|0|1|3
10038687|4|2|1|1|3
10038695|11|6|5|0|10
10038731|1|1|0|0|1
10038743|5|3|2|0|4
10038748|1|0|1|0|1
10038776|5|3|1|1|4
10038827|1|0|1|0|1
10038845|2|0|1|1|1
10038848|3|1|2|0|2
10038853|3|1|1|1|1
10038857|2|0|1|1|1
10038867|2|2|0|0|2
10038894|1|0|1|0|1
10038897|1|1|0|0|1
10038907|3|1|2|0|2
10038908|3|2|1|0|2
10038967|1|1|0|0|1
10038980|2|2|0|0|2
10039020|6|4|2|0|6
10039083|11|11|0|0|11
10039085|1|1|0|0|1
10039101|5|4|1|0|5
10039424|4|4|0|0|4
10039486|3|2|1|0|3
10039509|1|1|0|0|1
10039674|1|1|0|0|1
10039696|1|0|1|0|1
10039705|1|0|1|0|1
10039759|1|1|0|0|1
10039801|2|1|1|0|1
10039897|8|3|5|0|5
10039906|26|14|12|0|20
10040026|1|1|0|0|1
10040047|22|16|6|0|18
10040070|6|3|3|0|4
10040102|1|0|1|0|1
10040108|2|1|1|0|1
10040400|4|2|2|0|3
10040477|1|1|0|0|1
10040560|1|0|1|0|1
10040642|1|0|1|0|1
10040741|2|1|1|0|2
10040742|3|3|0|0|3
10040744|2|2|0|0|2
10040752|1|1|0|0|1
10040753|19|17|2|0|18
10040808|7|3|4|0|5
10040829|5|4|1|0|4
10040831|1|0|1|0|1
10040840|2|1|1|0|1
10040844|6|5|1|0|5
10040865|1|1|0|0|1
10040872|4|2|2|0|3
10040882|2|2|0|0|2
10040893|5|2|2|1|3
10040904|2|2|0|0|2
10040907|2|2|0|0|2
10040914|25|12|13|0|16
10040943|3|1|2|0|2
10040979|1|1|0|0|1
10040984|2|2|0|0|2
10041052|1|1|0|0|1
10041232|5|3|2|0|5
10041349|23|16|7|0|16
10041466|4|1|3|0|3
10041549|1|1|0|0|1
10041591|1|1|0|0|1
10041658|2|1|1|0|1
10041660|2|2|0|0|2
10041834|2|1|1|0|1
10041969|1|1|0|0|1
10042033|15|8|7|0|11
10042128|14|13|1|0|13
10042241|1|1|0|0|1
10042316|2|2|0|0|2
10042343|2|2|0|0|2
10042361|2|1|1|0|1
10042364|2|2|0|0|2
10042434|6|2|3|1|5
10042458|14|7|6|1|9
10042464|4|3|1|0|4
10042496|1|1|0|0|1
10042567|1|0|1|0|1
10042602|1|1|0|0|1
10042604|2|1|1|0|2
10042674|1|0|1|0|1
10042682|2|2|0|0|2
10042727|9|3|5|1|6
10042772|23|14|9|0|20
10042971|1|0|1|0|1
10043071|21|15|5|1|15
10043089|2|1|1|0|1
10043118|3|1|2|0|2
10043131|1|1|0|0|1
10043207|1|0|1|0|1
10043224|1|1|0|0|1
10043242|1|0|1|0|1
10043248|2|1|1|0|1
10043269|1|1|0|0|1
10043275|6|0|6|0|6
10043345|1|1|0|0|1
10043431|2|0|2|0|2
10043458|4|4|0|0|4
10043521|4|3|1|0|4
10043528|8|3|3|2|5
10043554|32|23|9|0|25
10043563|3|3|0|0|3
10043570|1|1|0|0|1
10043607|10|4|5|1|6
10043645|1|1|0|0|1
10043647|1|0|1|0|1
10043648|2|1|1|0|1
10043688|3|0|2|1|2
10043709|1|1|0|0|1
10043730|1|1|0|0|1
10043744|6|2|2|2|2
10043816|1|0|1|0|1
10043818|1|0|1|0|1
10043882|7|6|1|0|7
10043967|2|0|2|0|2
10043991|1|1|0|0|1
10044008|2|2|0|0|2
10044016|1|1|0|0|1
10044055|5|4|1|0|5
10044066|1|0|1|0|1
10044074|2|2|0|0|2
10044100|2|0|2|0|2
10044223|12|4|7|1|8
10044390|7|3|4|0|6
10044439|1|0|1|0|1
10044522|1|1|0|0|1
10044565|16|15|1|0|15
10044594|1|0|1|0|1
10044596|1|0|1|0|1
10044601|1|0|1|0|1
10044664|1|1|0|0|1
10044668|1|1|0|0|1
10044684|1|1|0|0|1
10044755|13|3|8|2|8
10045170|12|6|6|0|6
10045240|2|1|1|0|1
10046274|2|2|0|0|2
10046306|35|33|2|0|34
10046480|1|1|0|0|1
10046533|1|1|0|0|1
10046542|3|2|1|0|2
10046543|7|3|2|2|5
10046555|8|6|2|0|6
10046571|31|27|4|0|28
10046735|44|27|15|2|34
10046788|2|1|1|0|1
10046798|1|1|0|0|1
10046851|4|2|2|0|4
10046910|5|4|1|0|4
10046914|2|2|0|0|2
10046980|2|1|1|0|2
10047115|3|2|1|0|3
10047249|5|2|3|0|4
10047281|2|0|2|0|2
10047289|2|2|0|0|2
10047290|2|2|0|0|2
10047340|17|16|1|0|16
10047438|1|0|1|0|1
10047461|14|6|6|2|9
10047482|1|1|0|0|1
10047513|28|21|5|2|23
10047518|2|2|0|0|2
10047531|9|4|4|1|6
10047555|4|1|3|0|3
10047571|7|4|3|0|6
10047626|1|1|0|0|1
10047650|1|1|0|0|1
10047654|2|2|0|0|2
10047655|1|1|0|0|1
10047700|67|54|12|1|55
10047708|1|1|0|0|1
10047732|1|1|0|0|1
10047780|2|2|0|0|2
10047784|4|4|0|0|4
10047794|3|3|0|0|3
10047895|15|14|1|0|14
10047899|13|11|2|0|11
10047924|8|5|3|0|7
10047940|1|1|0|0|1
10047942|9|9|0|0|9
10047943|4|4|0|0|4
10047967|1|1|0|0|1
10048031|2|1|1|0|2
10048038|1|0|1|0|1
10048218|1|1|0|0|1
10048232|1|1|0|0|1
10048294|5|0|5|0|5
10048302|3|3|0|0|3
10048393|1|1|0|0|1
10048461|2|2|0|0|2
10048474|4|1|3|0|3
10048595|2|0|2|0|2
10048610|2|1|1|0|1
10048629|1|1|0|0|1
10048642|2|1|1|0|2
10048667|1|1|0|0|1
10048685|1|1|0|0|1
10048748|1|0|1|0|1
10048750|1|1|0|0|1
10048762|1|0|1|0|1
10048861|1|1|0|0|1
10048886|1|1|0|0|1
10048908|1|1|0|0|1
10048941|3|2|1|0|3
10048943|2|2|0|0|2
10048955|1|1|0|0|1
10048959|1|1|0|0|1
10048961|2|2|0|0|2
10048992|2|2|0|0|2
10049021|1|1|0|0|1
10049040|1|0|1|0|1
10049041|1|1|0|0|1
10049042|2|2|0|0|2
10049043|1|1|0|0|1
10049046|1|0|1|0|1
10049059|1|1|0|0|1
10049151|2|1|1|0|2
10049187|1|0|1|0|1
10049215|1|1|0|0|1
10049221|1|1|0|0|1
10049223|1|0|1|0|1
10049287|1|1|0|0|1
10049398|2|1|1|0|2
10049418|1|0|1|0|1
10049438|1|1|0|0|1
10049470|7|3|4|0|5
10049471|5|5|0|0|5
10049547|2|0|2|0|2
10049555|1|1|0|0|1
10049564|3|1|2|0|2
10049571|1|1|0|0|1
10049671|1|0|1|0|1
10049673|1|0|1|0|1
10049694|1|1|0|0|1
10049710|1|1|0|0|1
10049765|1|1|0|0|1
10049768|1|0|1|0|1
10049778|1|0|1|0|1
10049796|1|1|0|0|1
10049803|1|0|1|0|1
10049816|1|1|0|0|1
10049848|8|5|3|0|7
10049872|1|1|0|0|1
10049939|1|1|0|0|1
10049993|4|1|3|0|3
10049998|1|1|0|0|1
10050012|1|0|1|0|1
10050031|1|1|0|0|1
10050082|2|2|0|0|2
10050100|1|1|0|0|1
10050103|1|1|0|0|1
10050104|1|1|0|0|1
10050114|1|1|0|0|1
10050167|1|1|0|0|1
10050196|2|2|0|0|2
10050346|2|1|1|0|1
10050515|1|1|0|0|1
10050528|3|1|2|0|2
10050551|3|2|1|0|2
10050584|8|6|2|0|6
10050661|1|0|1|0|1
10050676|1|1|0|0|1
10050685|1|1|0|0|1
10050760|1|1|0|0|1
10050819|3|3|0|0|3
10050820|1|1|0|0|1
10050822|1|1|0|0|1
10050953|2|1|1|0|2
10051017|1|1|0|0|1
10051055|11|6|4|1|7
10051077|2|1|1|0|2
10051078|1|1|0|0|1
10051093|3|1|1|1|1
10051099|1|1|0|0|1
10051100|1|1|0|0|1
10051116|1|1|0|0|1
10051120|1|0|1|0|1
10051267|2|2|0|0|2
10051358|3|1|1|1|1
10051373|2|2|0|0|2
10051420|2|0|2|0|2
10051597|1|1|0|0|1
10051608|4|2|2|0|4
10051625|3|3|0|0|3
10051728|1|0|1|0|1
10051792|14|8|6|0|9
10052015|3|1|1|1|1
10052076|2|1|1|0|1
10052118|1|1|0|0|1
10052127|1|1|0|0|1
10052129|1|1|0|0|1
10052132|1|1|0|0|1
10052140|3|3|0|0|3
10052238|1|1|0|0|1
10052251|1|1|0|0|1
10052268|1|1|0|0|1
10052285|1|1|0|0|1
10052293|2|2|0|0|2
10052302|1|0|1|0|1
10052314|1|1|0|0|1
10052337|1|1|0|0|1
10052366|6|1|3|2|3
10052501|2|1|1|0|2
10052530|3|1|1|1|1
10052576|3|3|0|0|3
10052747|1|0|1|0|1
10052847|1|0|1|0|1
10052898|1|1|0|0|1
10052904|5|5|0|0|5
10053123|2|1|1|0|2
10053155|2|2|0|0|2
10053156|1|1|0|0|1
10053159|2|0|2|0|2
10053198|1|0|1|0|1
10053262|1|1|0|0|1
10053424|2|1|1|0|2
10053425|4|4|0|0|4
10053483|2|2|0|0|2
10053505|1|1|0|0|1
10053583|1|1|0|0|1
10053613|1|0|1|0|1
10053614|1|0|1|0|1
10053615|1|1|0|0|1
10053655|1|0|1|0|1
10053657|2|1|1|0|2
10053663|1|1|0|0|1
10053664|1|1|0|0|1
10053692|4|2|2|0|3
10053748|1|0|1|0|1
10053781|1|1|0|0|1
10053791|1|0|1|0|1
10053840|2|0|0|2|2
10054089|1|1|0|0|1
10054107|1|1|0|0|1
10054196|1|1|0|0|1
10054216|1|1|0|0|1
10054266|2|2|0|0|2
10054786|1|1|0|0|1
10054787|1|1|0|0|1
10054823|1|1|0|0|1
10054877|1|0|1|0|1
10054889|25|14|11|0|21
10054996|3|3|0|0|3
10055116|2|1|1|0|1
10055162|1|0|1|0|1
10055164|3|0|3|0|3
10055181|1|0|1|0|1
10055690|6|0|5|1|5
10055798|19|10|8|1|11
10055870|1|1|0|0|1
10056131|1|1|0|0|1
10056303|2|1|1|0|2
10056396|1|1|0|0|1
10056519|2|1|1|0|1
10056520|1|0|1|0|1
10056530|1|1|0|0|1
10056866|3|0|3|0|3
10057009|1|1|0|0|1
10057167|1|1|0|0|1
10057293|1|1|0|0|1
10057366|1|1|0|0|1
10057371|1|1|0|0|1
10057372|1|1|0|0|1
10057385|1|1|0|0|1
10057392|1|1|0|0|1
10057430|2|0|1|1|1
10057667|1|1|0|0|1
10057668|6|3|3|0|5
10057672|1|1|0|0|1
10057755|4|2|2|0|4
10057840|1|1|0|0|1
10057970|2|1|1|0|2
10058046|2|0|2|0|2
10058049|1|1|0|0|1
10058097|3|1|2|0|2
10058108|6|4|2|0|6
10058117|1|1|0|0|1
10058179|2|1|1|0|1
10058359|3|0|3|0|3
10058477|3|2|1|0|3
10058806|3|0|3|0|3
10058920|2|2|0|0|2
10059001|1|1|0|0|1
10059024|4|3|1|0|3
10059056|1|1|0|0|1
10059096|1|1|0|0|1
10059193|2|1|0|1|1
10059241|1|1|0|0|1
10059245|4|3|1|0|4
10059421|1|1|0|0|1
10059482|1|0|1|0|1
10059516|3|1|2|0|2
10059570|12|11|1|0|12
10059571|1|1|0|0|1
10059618|1|0|1|0|1
10059659|1|0|1|0|1
10059663|1|0|1|0|1
10059830|1|1|0|0|1
10059895|1|1|0|0|1
10059896|2|2|0|0|2
10060055|2|2|0|0|2
10060378|1|1|0|0|1
10060795|15|10|5|0|13
10060800|7|7|0|0|7
10060820|1|1|0|0|1
10060860|4|1|3|0|3
10060862|2|1|1|0|2
10060919|1|0|1|0|1
10060921|1|1|0|0|1
10060931|1|1|0|0|1
10060934|2|2|0|0|2
10060945|11|4|5|2|6
10060956|1|0|1|0|1
10060975|1|1|0|0|1
10061019|1|0|1|0|1
10061021|1|0|1|0|1
10061023|1|0|1|0|1
10061024|3|1|1|1|3
10061036|1|1|0|0|1
10061037|1|0|1|0|1
10061090|1|1|0|0|1
10061116|3|0|3|0|3
10061130|1|1|0|0|1
10061137|2|1|1|0|1
10061157|1|0|1|0|1
10061169|13|5|8|0|9
10061178|2|2|0|0|2
10061180|6|3|3|0|3
10061182|2|2|0|0|2
10061188|4|3|1|0|3
10061201|1|1|0|0|1
10061215|1|1|0|0|1
10061216|1|1|0|0|1
10061218|2|0|2|0|2
10061223|1|0|1|0|1
10061225|2|1|1|0|1
10061229|1|1|0|0|1
10061249|1|0|1|0|1
10061256|3|2|1|0|2
10061266|4|0|2|2|2
10061296|4|1|3|0|3
10061297|1|1|0|0|1
10061303|1|1|0|0|1
10061304|1|1|0|0|1
10061313|1|1|0|0|1
10061318|1|1|0|0|1
10061322|1|0|1|0|1
10061324|1|0|1|0|1
10061334|1|1|0|0|1
10061343|1|0|1|0|1
10061373|1|0|1|0|1
10061376|2|0|2|0|2
10061394|1|1|0|0|1
10061422|2|2|0|0|2
10061428|30|30|0|0|30
10061451|1|0|1|0|1
10061459|1|1|0|0|1
10061461|8|4|3|1|5
10061472|2|0|2|0|2
10061481|1|0|1|0|1
10061549|1|1|0|0|1
10061567|1|0|1|0|1
10061588|1|0|1|0|1
10061590|2|1|1|0|2
10061596|2|0|2|0|2
10061598|1|0|1|0|1
10061663|1|0|1|0|1
10061664|5|1|4|0|5
10061762|1|1|0|0|1
10061788|1|0|1|0|1
10061811|1|0|1|0|1
10061818|1|1|0|0|1
10061877|1|1|0|0|1
10061878|1|1|0|0|1
10061880|1|1|0|0|1
10061891|1|1|0|0|1
10061912|2|2|0|0|2
10061920|2|1|1|0|1
10061922|1|0|1|0|1
10061924|7|5|2|0|5
10061977|3|3|0|0|3
10062016|5|1|4|0|5
10062042|1|0|1|0|1
10062047|1|1|0|0|1
10062060|3|2|1|0|3
10062080|1|1|0|0|1
10062106|2|2|0|0|2
10062108|1|0|1|0|1
10062167|2|2|0|0|2
10062207|3|0|3|0|3
10062237|22|10|12|0|14
10062300|1|1|0|0|1
10062315|4|1|3|0|3
10062344|3|0|3|0|3
10062352|6|6|0|0|6
10062521|3|3|0|0|3
10062575|1|1|0|0|1
10062585|1|1|0|0|1
10062624|1|0|1|0|1
10062688|1|1|0|0|1
10062767|1|0|1|0|1
10062959|2|1|1|0|2
10062971|1|1|0|0|1
10063000|1|0|1|0|1
10063072|1|1|0|0|1
10063161|1|0|1|0|1
10063188|1|1|0|0|1
10063209|1|1|0|0|1
10063557|1|1|0|0|1
10063560|1|1|0|0|1
10063636|1|1|0|0|1
10063946|1|1|0|0|1
10063967|1|1|0|0|1
10064265|1|1|0|0|1
10064332|2|1|1|0|2
10064445|3|1|0|2|2
10064578|2|2|0|0|2
10064579|3|2|1|0|3
10064594|1|1|0|0|1
10064658|4|2|2|0|2
10064687|1|1|0|0|1
10064848|2|0|2|0|2
10064882|3|2|1|0|3
10064899|4|4|0|0|4
10064911|1|0|1|0|1
10064996|1|0|1|0|1
10065038|1|0|1|0|1
10065042|6|3|3|0|3
10065304|1|1|0|0|1
10065341|1|0|1|0|1
10065381|2|1|1|0|1
10065433|2|1|1|0|1
10065473|1|1|0|0|1
10065553|6|3|3|0|3
10065577|3|2|1|0|3
10065582|1|1|0|0|1
10065604|13|5|7|1|8
10065787|2|1|1|0|1
10065835|1|0|1|0|1
10065902|1|1|0|0|1
10065906|1|0|1|0|1
10065918|1|1|0|0|1
10065941|3|0|3|0|3
10066083|2|1|1|0|1
10066088|1|1|0|0|1
10066091|1|1|0|0|1
10066209|1|0|1|0|1
10066274|3|1|2|0|2
10066474|3|0|2|1|2
10066774|1|1|0|0|1
10066957|2|0|2|0|2
10067125|7|3|4|0|5
10067152|1|1|0|0|1
10067275|1|0|1|0|1
10067467|9|3|3|3|3
10067477|1|1|0|0|1
10067587|1|0|1|0|1
10067725|1|1|0|0|1
10067741|1|1|0|0|1
10067786|1|1|0|0|1
10067954|1|1|0|0|1
10068036|3|1|1|1|1
10068318|1|1|0|0|1
10068319|13|13|0|0|13
10068773|1|1|0|0|1
10069162|2|0|2|0|2
10069195|1|1|0|0|1
10069339|27|14|13|0|21
10069755|1|0|1|0|1
10070439|1|0|1|0|1
10070531|2|0|2|0|2
10070567|2|0|1|1|1
10070568|6|2|2|2|2
10070656|3|1|1|1|1
10070774|3|0|3|0|3
10070840|1|0|1|0|1
10070863|2|1|0|1|2
10070884|2|1|1|0|1
10071066|8|4|4|0|4
10071152|1|1|0|0|1
10071229|1|1|0|0|1
10071390|2|2|0|0|2
10072043|1|1|0|0|1
10072268|3|1|2|0|2
10072395|1|0|1|0|1
10072419|2|0|2|0|2
10072935|1|0|1|0|1
10073069|1|0|1|0|1
10073071|1|0|1|0|1
10073116|1|1|0|0|1
10073306|4|0|4|0|4
10073352|1|1|0|0|1
10073363|1|0|1|0|1
10073508|7|4|3|0|5
10073755|9|1|6|2|7
10073938|2|1|1|0|2
10074052|1|0|1|0|1
10074170|9|3|4|2|5
10074171|7|1|4|2|4
10074268|2|0|2|0|2
10074495|1|0|1|0|1
10074585|1|1|0|0|1
10074586|1|1|0|0|1
10074667|1|1|0|0|1
10074860|1|1|0|0|1
10075267|1|0|1|0|1
10075399|1|0|1|0|1
10075531|3|0|3|0|3
10075534|13|2|10|1|11
10075535|3|0|3|0|3
10075536|5|4|1|0|5
10075688|1|0|1|0|1
10075713|1|0|1|0|1
10075941|2|0|2|0|2
10075963|1|0|1|0|1
10076040|1|1|0|0|1
10076051|4|0|2|2|2
10076272|1|0|1|0|1
10076667|1|0|1|0|1
10076705|3|1|1|1|2
10076717|1|1|0|0|1
10076991|1|0|1|0|1
10077465|1|0|1|0|1
